=================================================================================================================================================
 seq_len  d_model      dtype       PT Fwd       PT Bwd       PT F+B    Flash Fwd    Flash Bwd    Flash F+B   status
-------------------------------------------------------------------------------------------------------------------------------------------------
     128       16   bfloat16        0.046        0.054        0.167        0.013        0.043        0.171       OK
     256       16   bfloat16        0.046        0.053        0.128        0.015        0.043        0.096       OK
     512       16   bfloat16        0.049        0.057        0.139        0.019        0.057        0.109       OK
    1024       16   bfloat16        0.075        0.092        0.194        0.033        0.100        0.136       OK
    2048       16   bfloat16        0.206        0.213        0.402        0.076        0.272        0.317       OK
    4096       16   bfloat16        1.306        1.617        2.870        0.244        0.984        1.222       OK
    8192       16   bfloat16        5.197        6.743       12.453        0.893        3.883        4.982       OK
     128       32   bfloat16        0.040        0.044        0.158        0.011        0.042        0.092       OK
     256       32   bfloat16        0.041        0.046        0.129        0.013        0.047        0.097       OK
     512       32   bfloat16        0.047        0.055        0.138        0.020        0.075        0.107       OK
    1024       32   bfloat16        0.076        0.094        0.195        0.036        0.172        0.205       OK
    2048       32   bfloat16        0.208        0.205        0.392        0.100        0.538        0.632       OK
    4096       32   bfloat16        1.315        1.622        2.886        0.363        2.091        2.448       OK
    8192       32   bfloat16        5.406        7.026       12.409        1.394        8.307        9.695       OK
     128       64   bfloat16        0.039        0.043        0.121        0.012        0.041        0.091       OK
     256       64   bfloat16        0.041        0.047        0.129        0.014        0.049        0.099       OK
     512       64   bfloat16        0.050        0.061        0.143        0.022        0.085        0.113       OK
    1024       64   bfloat16        0.080        0.087        0.198        0.042        0.181        0.216       OK
    2048       64   bfloat16        0.220        0.218        0.462        0.113        0.573        0.680       OK
    4096       64   bfloat16        1.313        1.622        2.889        0.411        2.120        2.521       OK
    8192       64   bfloat16        5.285        6.916       12.171        1.544        8.108        9.637       OK
     128      128   bfloat16        0.040        0.044        0.150        0.013        0.042        0.094       OK
     256      128   bfloat16        0.043        0.052        0.145        0.016        0.061        0.112       OK
     512      128   bfloat16        0.054        0.063        0.157        0.026        0.091        0.128       OK
    1024      128   bfloat16        0.092        0.107        0.223        0.054        0.218        0.267       OK
    2048      128   bfloat16        0.255        0.274        0.515        0.174        0.677        0.843       OK
    4096      128   bfloat16        1.410        1.800        3.186        0.588        2.338        2.929       OK
    8192      128   bfloat16        5.613        7.098       12.513        2.204        8.925       11.149       OK
     128       16    float32        0.102        0.123        0.307        0.011        0.267        0.115       OK
     256       16    float32        0.098        0.122        0.174        0.013        0.106        0.111       OK
     512       16    float32        0.110        0.119        0.197        0.020        0.115        0.126       OK
    1024       16    float32        0.126        0.172        0.278        0.038        0.202        0.235       OK
    2048       16    float32        0.350        0.555        0.891        0.101        0.680        0.777       OK
    4096       16    float32        2.386        3.471        5.581        0.360        2.625        2.973       OK
    8192       16    float32        8.735       13.003       21.705        1.326       10.062       11.400       OK
     128       32    float32        0.106        0.117        0.213        0.011        0.123        0.120       OK
     256       32    float32        0.100        0.112        0.179        0.014        0.110        0.118       OK
     512       32    float32        0.114        0.122        0.198        0.022        0.124        0.128       OK
    1024       32    float32        0.141        0.176        0.277        0.043        0.221        0.254       OK
    2048       32    float32        0.355        0.580        0.922        0.123        0.726        0.840       OK
    4096       32    float32        2.282        3.330        5.646        0.441        2.688        3.126       OK
    8192       32    float32        9.211       13.741       22.925        1.677       10.291       11.940       OK
     128       64    float32        0.105        0.109        0.182        0.012        0.106        0.114       OK
     256       64    float32        0.098        0.114        0.197        0.016        0.118        0.123       OK
     512       64    float32        0.114        0.121        0.209        0.026        0.134        0.142       OK
    1024       64    float32        0.141        0.185        0.284        0.056        0.258        0.306       OK
    2048       64    float32        0.383        0.598        0.969        0.176        0.804        0.969       OK
    4096       64    float32        2.499        3.636        6.114        0.608        3.057        3.666       OK
    8192       64    float32       10.206       14.199       24.984        2.292       11.778       14.078       OK
     128      128    float32        0.111        0.117        0.186        0.014        0.132        0.126       OK
     256      128    float32        0.108        0.132        0.202        0.019        0.135        0.142       OK
     512      128    float32        0.128        0.136        0.228        0.037        0.153        0.168       OK
    1024      128    float32        0.144        0.204        0.341        0.108        0.324        0.422       OK
    2048      128    float32        0.471        0.797        1.251        0.318        1.056        1.363       OK
    4096      128    float32        2.750        4.163        6.929        1.142        3.948        5.073       OK
    8192      128    float32       11.101       16.895       27.931        4.481       14.934       19.408       OK
=================================================================================================================================================